function data = sunflower_map()

data = [ ...
    % Regular index, Open-mirror index, x [mm] (regular front view), y [mm] (regular front view)
    1	5	7.76	64.00
    2	6	-5.63	55.72
    3	21	42.89	51.30
    4	22	26.84	52.32
    5	3	24.06	67.66
    6	4	-15.89	67.94
    7	11	-26.94	55.95
    8	12	-40.84	62.62
    9	15	23.57	34.17
    10	16	12.18	47.71
    11	23	53.63	30.52
    12	24	42.89	35.55
    13	1	0.76	36.75
    14	2	-14.53	43.27
    15	17	-32.84	42.64
    16	18	-48.27	47.39
    17	13	26.26	18.31
    18	14	8.71	22.97
    19	29	66.51	20.26
    20	30	42.65	17.09
    21	9	-16.31	26.31
    22	10	-32.17	26.15
    23	27	-50.37	31.59
    24	28	-66.05	30.44
    25	7	16.49	4.04
    26	8	-2.44	14.35
    27	31	55.56	8.87
    28	32	38.08	0.67
    29	25	-20.09	9.67
    30	26	-35.85	4.65
    31	33	-46.63	16.73
    32	34	-63.60	14.08
    33	47	69.68	-20.19
    34	48	64.78	-4.05
    35	37	49.33	-10.11
    36	38	26.09	-9.63
    37	19	-9.69	-12.90
    38	20	-26.43	-11.59
    39	35	-44.25	-9.26
    40	36	-56.27	0.28
    41	39	21.28	-28.41
    42	40	7.22	-22.66
    43	45	54.83	-24.54
    44	46	36.91	-23.35
    45	43	-29.03	-27.18
    46	44	-44.73	-27.18
    47	41	-58.58	-20.46
    48	42	-69.68	-8.71
    49	53	54.92	-40.77
    50	54	41.04	-40.52
    51	55	20.65	-44.40
    52	56	-6.80	-53.46
    53	51	3.37	-41.85
    54	52	-8.90	-26.83
    55	57	-21.73	-42.34
    56	58	-36.75	-45.25
    57	61	25.54	-67.37
    58	62	0.79	-67.94
    59	63	34.93	-53.66
    60	64	13.16	-57.78
    61	59	-20.95	-59.86
    62	60	-37.28	-61.12
    63	49	-52.25	-42.13
    64	50	-66.74	-33.67
];
end